NACA 2412
1.000084 0.001257
0.999987 0.001277
0.999697 0.001338
0.999214 0.001439
0.998537 0.001579
0.997668 0.001760
0.996606 0.001981
0.995352 0.002241
0.993907 0.002540
0.992270 0.002878
0.990443 0.003254
0.988426 0.003669
0.986220 0.004121
0.983825 0.004610
0.981243 0.005135
0.978475 0.005696
0.975521 0.006292
0.972382 0.006923
0.969061 0.007588
0.965557 0.008285
0.961873 0.009015
0.958009 0.009776
0.953968 0.010568
0.949750 0.011389
0.945357 0.012239
0.940791 0.013118
0.936053 0.014023
0.931146 0.014954
0.926071 0.015910
0.920829 0.016889
0.915424 0.017892
0.909857 0.018917
0.904129 0.019963
0.898244 0.021028
0.892203 0.022112
0.886009 0.023214
0.879663 0.024332
0.873170 0.025466
0.866530 0.026614
0.859746 0.027775
0.852821 0.028948
0.845758 0.030132
0.838559 0.031325
0.831227 0.032528
0.823765 0.033738
0.816175 0.034954
0.808461 0.036175
0.800625 0.037400
0.792670 0.038629
0.784601 0.039859
0.776418 0.041089
0.768127 0.042319
0.759729 0.043548
0.751228 0.044774
0.742628 0.045995
0.733931 0.047212
0.725142 0.048423
0.716263 0.049626
0.707297 0.050820
0.698250 0.052006
0.689123 0.053180
0.679920 0.054343
0.670645 0.055492
0.661302 0.056628
0.651894 0.057749
0.642425 0.058853
0.632899 0.059940
0.623319 0.061009
0.613689 0.062058
0.604013 0.063087
0.594294 0.064094
0.584537 0.065078
0.574745 0.066038
0.564922 0.066974
0.555072 0.067884
0.545199 0.068767
0.535307 0.069622
0.525399 0.070448
0.515480 0.071245
0.505553 0.072010
0.495623 0.072744
0.485693 0.073445
0.475767 0.074113
0.465850 0.074746
0.455945 0.075343
0.446056 0.075905
0.436187 0.076429
0.426342 0.076915
0.416526 0.077363
0.406741 0.077771
0.396967 0.078139
0.387179 0.078456
0.377435 0.078718
0.367737 0.078926
0.358091 0.079078
0.348500 0.079175
0.338968 0.079216
0.329500 0.079201
0.320098 0.079130
0.310768 0.079003
0.301513 0.078821
0.292337 0.078582
0.283244 0.078287
0.274237 0.077938
0.265320 0.077532
0.256498 0.077073
0.247774 0.076558
0.239151 0.075990
0.230633 0.075368
0.222223 0.074694
0.213926 0.073968
0.205744 0.073190
0.197682 0.072362
0.189742 0.071485
0.181927 0.070559
0.174242 0.069585
0.166688 0.068565
0.159270 0.067499
0.151990 0.066389
0.144851 0.065236
0.137856 0.064041
0.131008 0.062805
0.124310 0.061531
0.117765 0.060218
0.111374 0.058869
0.105141 0.057485
0.099069 0.056068
0.093158 0.054619
0.087413 0.053139
0.081835 0.051631
0.076426 0.050095
0.071188 0.048533
0.066123 0.046946
0.061234 0.045337
0.056522 0.043707
0.051989 0.042057
0.047636 0.040389
0.043465 0.038705
0.039478 0.037005
0.035677 0.035291
0.032061 0.033565
0.028633 0.031829
0.025395 0.030083
0.022346 0.028328
0.019488 0.026567
0.016822 0.024800
0.014349 0.023028
0.012070 0.021253
0.009985 0.019475
0.008095 0.017696
0.006401 0.015917
0.004902 0.014138
0.003600 0.012360
0.002495 0.010584
0.001586 0.008811
0.000875 0.007041
0.000361 0.005274
0.000043 0.003512
-0.000077 0.001754
0.000000 0.000000
0.000272 -0.001734
0.000737 -0.003434
0.001396 -0.005099
0.002247 -0.006729
0.003290 -0.008325
0.004524 -0.009886
0.005949 -0.011411
0.007564 -0.012901
0.009369 -0.014356
0.011361 -0.015775
0.013541 -0.017157
0.015907 -0.018504
0.018458 -0.019815
0.021193 -0.021088
0.024111 -0.022326
0.027210 -0.023526
0.030489 -0.024689
0.033947 -0.025815
0.037582 -0.026904
0.041392 -0.027956
0.045376 -0.028969
0.049532 -0.029945
0.053859 -0.030884
0.058354 -0.031784
0.063016 -0.032646
0.067843 -0.033471
0.072833 -0.034258
0.077984 -0.035006
0.083293 -0.035717
0.088760 -0.036390
0.094381 -0.037025
0.100154 -0.037623
0.106077 -0.038184
0.112148 -0.038707
0.118364 -0.039194
0.124724 -0.039644
0.131224 -0.040058
0.137863 -0.040436
0.144637 -0.040779
0.151544 -0.041087
0.158582 -0.041360
0.165747 -0.041599
0.173038 -0.041805
0.180452 -0.041978
0.187985 -0.042120
0.195635 -0.042229
0.203400 -0.042308
0.211276 -0.042357
0.219261 -0.042377
0.227351 -0.042369
0.235544 -0.042333
0.243837 -0.042271
0.252226 -0.042183
0.260710 -0.042071
0.269284 -0.041935
0.277945 -0.041776
0.286691 -0.041596
0.295519 -0.041395
0.304424 -0.041174
0.313404 -0.040936
0.322456 -0.040679
0.331577 -0.040407
0.340762 -0.040120
0.350009 -0.039818
0.359315 -0.039504
0.368676 -0.039178
0.378088 -0.038842
0.387549 -0.038496
0.397054 -0.038141
0.406655 -0.037776
0.416316 -0.037393
0.426011 -0.036991
0.435736 -0.036573
0.445486 -0.036137
0.455259 -0.035687
0.465050 -0.035222
0.474857 -0.034743
0.484674 -0.034252
0.494498 -0.033748
0.504326 -0.033234
0.514154 -0.032710
0.523977 -0.032176
0.533793 -0.031634
0.543597 -0.031084
0.553386 -0.030527
0.563155 -0.029964
0.572902 -0.029396
0.582622 -0.028822
0.592311 -0.028245
0.601966 -0.027665
0.611583 -0.027082
0.621158 -0.026497
0.630688 -0.025910
0.640169 -0.025323
0.649596 -0.024735
0.658968 -0.024147
0.668278 -0.023560
0.677526 -0.022975
0.686705 -0.022391
0.695813 -0.021809
0.704847 -0.021229
0.713803 -0.020653
0.722676 -0.020080
0.731465 -0.019511
0.740164 -0.018946
0.748772 -0.018385
0.757284 -0.017829
0.765697 -0.017278
0.774008 -0.016732
0.782213 -0.016192
0.790309 -0.015658
0.798293 -0.015130
0.806162 -0.014609
0.813913 -0.014094
0.821542 -0.013586
0.829047 -0.013085
0.836424 -0.012592
0.843671 -0.012106
0.850784 -0.011628
0.857761 -0.011159
0.864600 -0.010697
0.871296 -0.010244
0.877848 -0.009800
0.884253 -0.009364
0.890508 -0.008938
0.896611 -0.008521
0.902559 -0.008113
0.908350 -0.007716
0.913982 -0.007328
0.919452 -0.006950
0.924758 -0.006583
0.929898 -0.006226
0.934869 -0.005880
0.939671 -0.005545
0.944300 -0.005221
0.948755 -0.004909
0.953035 -0.004608
0.957136 -0.004319
0.961059 -0.004042
0.964800 -0.003777
0.968359 -0.003524
0.971734 -0.003284
0.974923 -0.003057
0.977926 -0.002842
0.980741 -0.002641
0.983367 -0.002452
0.985803 -0.002277
0.988048 -0.002116
0.990101 -0.001968
0.991960 -0.001834
0.993626 -0.001713
0.995098 -0.001607
0.996375 -0.001514
0.997456 -0.001436
0.998341 -0.001372
0.999030 -0.001322
0.999522 -0.001286
0.999818 -0.001264
0.999916 -0.001257
