1.000000 0.000000
0.999902 0.000014
0.999610 0.000055
0.999122 0.000124
0.998439 0.000221
0.997562 0.000345
0.996491 0.000496
0.995225 0.000674
0.993767 0.000879
0.992115 0.001111
0.990272 0.001369
0.988237 0.001653
0.986011 0.001964
0.983596 0.002299
0.980992 0.002660
0.978200 0.003045
0.975222 0.003455
0.972058 0.003889
0.968710 0.004347
0.965179 0.004827
0.961466 0.005330
0.957573 0.005855
0.953501 0.006401
0.949253 0.006968
0.944829 0.007556
0.940231 0.008163
0.935461 0.008790
0.930522 0.009436
0.925414 0.010099
0.920141 0.010780
0.914703 0.011478
0.909103 0.012192
0.903344 0.012922
0.897427 0.013666
0.891355 0.014425
0.885131 0.015197
0.878756 0.015983
0.872233 0.016780
0.865565 0.017590
0.858754 0.018410
0.851803 0.019240
0.844714 0.020080
0.837492 0.020929
0.830137 0.021787
0.822653 0.022651
0.815044 0.023523
0.807311 0.024401
0.799459 0.025284
0.791490 0.026172
0.783407 0.027064
0.775213 0.027959
0.766912 0.028857
0.758506 0.029757
0.750000 0.030658
0.741396 0.031560
0.732698 0.032461
0.723909 0.033361
0.715033 0.034260
0.706072 0.035156
0.697031 0.036049
0.687914 0.036938
0.678723 0.037822
0.669462 0.038701
0.660135 0.039573
0.650745 0.040438
0.641297 0.041295
0.631794 0.042143
0.622239 0.042982
0.612636 0.043810
0.602989 0.044628
0.593302 0.045433
0.583579 0.046225
0.573823 0.047003
0.564039 0.047766
0.554229 0.048514
0.544398 0.049246
0.534550 0.049960
0.524688 0.050656
0.514817 0.051333
0.504940 0.051990
0.495060 0.052626
0.485183 0.053240
0.475312 0.053831
0.465450 0.054399
0.455602 0.054942
0.445771 0.055460
0.435961 0.055952
0.426177 0.056417
0.416421 0.056853
0.406698 0.057261
0.397011 0.057640
0.387364 0.057988
0.377761 0.058305
0.368206 0.058590
0.358703 0.058842
0.349255 0.059061
0.339865 0.059246
0.330538 0.059397
0.321277 0.059512
0.312086 0.059591
0.302969 0.059633
0.293928 0.059639
0.284967 0.059607
0.276091 0.059538
0.267302 0.059430
0.258604 0.059283
0.250000 0.059097
0.241494 0.058873
0.233088 0.058608
0.224787 0.058304
0.216593 0.057961
0.208510 0.057577
0.200541 0.057154
0.192689 0.056691
0.184956 0.056187
0.177347 0.055645
0.169863 0.055062
0.162508 0.054440
0.155286 0.053779
0.148197 0.053080
0.141246 0.052341
0.134435 0.051565
0.127767 0.050751
0.121244 0.049900
0.114869 0.049011
0.108645 0.048087
0.102573 0.047127
0.096656 0.046132
0.090897 0.045102
0.085297 0.044039
0.079859 0.042942
0.074586 0.041813
0.069478 0.040653
0.064539 0.039461
0.059769 0.038239
0.055171 0.036988
0.050747 0.035708
0.046499 0.034400
0.042427 0.033065
0.038534 0.031704
0.034821 0.030317
0.031290 0.028905
0.027942 0.027469
0.024778 0.026010
0.021800 0.024528
0.019008 0.023024
0.016404 0.021499
0.013989 0.019953
0.011763 0.018388
0.009728 0.016803
0.007885 0.015199
0.006233 0.013577
0.004775 0.011938
0.003509 0.010281
0.002438 0.008607
0.001561 0.006917
0.000878 0.005211
0.000390 0.003490
0.000098 0.001752
0.000000 0.000000
0.000098 -0.001752
0.000390 -0.003490
0.000878 -0.005211
0.001561 -0.006917
0.002438 -0.008607
0.003509 -0.010281
0.004775 -0.011938
0.006233 -0.013577
0.007885 -0.015199
0.009728 -0.016803
0.011763 -0.018388
0.013989 -0.019953
0.016404 -0.021499
0.019008 -0.023024
0.021800 -0.024528
0.024778 -0.026010
0.027942 -0.027469
0.031290 -0.028905
0.034821 -0.030317
0.038534 -0.031704
0.042427 -0.033065
0.046499 -0.034400
0.050747 -0.035708
0.055171 -0.036988
0.059769 -0.038239
0.064539 -0.039461
0.069478 -0.040653
0.074586 -0.041813
0.079859 -0.042942
0.085297 -0.044039
0.090897 -0.045102
0.096656 -0.046132
0.102573 -0.047127
0.108645 -0.048087
0.114869 -0.049011
0.121244 -0.049900
0.127767 -0.050751
0.134435 -0.051565
0.141246 -0.052341
0.148197 -0.053080
0.155286 -0.053779
0.162508 -0.054440
0.169863 -0.055062
0.177347 -0.055645
0.184956 -0.056187
0.192689 -0.056691
0.200541 -0.057154
0.208510 -0.057577
0.216593 -0.057961
0.224787 -0.058304
0.233088 -0.058608
0.241494 -0.058873
0.250000 -0.059097
0.258604 -0.059283
0.267302 -0.059430
0.276091 -0.059538
0.284967 -0.059607
0.293928 -0.059639
0.302969 -0.059633
0.312086 -0.059591
0.321277 -0.059512
0.330538 -0.059397
0.339865 -0.059246
0.349255 -0.059061
0.358703 -0.058842
0.368206 -0.058590
0.377761 -0.058305
0.387364 -0.057988
0.397011 -0.057640
0.406698 -0.057261
0.416421 -0.056853
0.426177 -0.056417
0.435961 -0.055952
0.445771 -0.055460
0.455602 -0.054942
0.465450 -0.054399
0.475312 -0.053831
0.485183 -0.053240
0.495060 -0.052626
0.504940 -0.051990
0.514817 -0.051333
0.524688 -0.050656
0.534550 -0.049960
0.544398 -0.049246
0.554229 -0.048514
0.564039 -0.047766
0.573823 -0.047003
0.583579 -0.046225
0.593302 -0.045433
0.602989 -0.044628
0.612636 -0.043810
0.622239 -0.042982
0.631794 -0.042143
0.641297 -0.041295
0.650745 -0.040438
0.660135 -0.039573
0.669462 -0.038701
0.678723 -0.037822
0.687914 -0.036938
0.697031 -0.036049
0.706072 -0.035156
0.715033 -0.034260
0.723909 -0.033361
0.732698 -0.032461
0.741396 -0.031560
0.750000 -0.030658
0.758506 -0.029757
0.766912 -0.028857
0.775213 -0.027959
0.783407 -0.027064
0.791490 -0.026172
0.799459 -0.025284
0.807311 -0.024401
0.815044 -0.023523
0.822653 -0.022651
0.830137 -0.021787
0.837492 -0.020929
0.844714 -0.020080
0.851803 -0.019240
0.858754 -0.018410
0.865565 -0.017590
0.872233 -0.016780
0.878756 -0.015983
0.885131 -0.015197
0.891355 -0.014425
0.897427 -0.013666
0.903344 -0.012922
0.909103 -0.012192
0.914703 -0.011478
0.920141 -0.010780
0.925414 -0.010099
0.930522 -0.009436
0.935461 -0.008790
0.940231 -0.008163
0.944829 -0.007556
0.949253 -0.006968
0.953501 -0.006401
0.957573 -0.005855
0.961466 -0.005330
0.965179 -0.004827
0.968710 -0.004347
0.972058 -0.003889
0.975222 -0.003455
0.978200 -0.003045
0.980992 -0.002660
0.983596 -0.002299
0.986011 -0.001964
0.988237 -0.001653
0.990272 -0.001369
0.992115 -0.001111
0.993767 -0.000879
0.995225 -0.000674
0.996491 -0.000496
0.997562 -0.000345
0.998439 -0.000221
0.999122 -0.000124
0.999610 -0.000055
0.999902 -0.000014
1.000000 -0.000000
